3 48 1
200
1	-29.73 64.136	2	12	276	332
2	-30.664 5.463	7	8	374	438
3	51.642 5.469	21	16	91	139
4	-13.171 69.336	24	5	449	505
5	-67.413 68.323	1	12	282	346
6	48.907 6.274	17	5	397	445
7	5.243 22.26	6	13	223	279
8	-65.002 77.234	5	20	288	352
9	-4.175 -1.569	7	13	262	310
10	23.029 11.639	1	18	391	447
11	25.482 6.287	4	7	214	278
12	-42.615 -26.392	10	6	591	639
13	-76.672 99.341	2	9	157	213
14	-20.673 57.892	16	9	394	458
15	-52.039 6.567	23	4	233	281
16	-41.376 50.824	18	25	277	333
17	-91.943 27.588	3	5	158	222
18	-65.118 30.212	15	17	408	456
19	18.597 96.716	13	3	180	236
20	-40.942 83.209	10	16	233	297
21	-37.756 -33.325	4	25	110	158
22	23.767 29.083	23	21	497	553
23	-43.03 20.453	20	14	91	155
24	-35.297 -24.896	10	19	439	487
25	-54.755 14.368	4	14	202	258
26	-49.329 33.374	2	6	382	446
27	57.404 23.822	23	16	161	209
28	-22.754 55.408	6	9	523	579
29	-56.622 73.34	8	20	73	137
30	-38.562 -3.705	10	13	394	442
31	-16.779 19.537	7	10	125	181
32	-11.56 11.615	1	16	304	368
33	-46.545 97.974	21	19	162	210
34	16.229 9.32	6	22	210	266
35	1.294 7.349	4	14	182	246
36	-26.404 29.529	13	10	241	289
37	4.352 14.685	9	11	274	330
38	-50.665 -23.126	22	15	514	578
39	-22.833 -9.814	22	13	80	128
40	-71.1 -18.616	18	15	514	570
41	-7.849 32.074	10	8	150	214
42	11.877 -24.933	25	22	311	359
43	-18.927 -23.73	23	24	215	271
44	-11.92 11.755	4	3	446	510
45	29.84 11.633	9	25	130	178
46	12.268 -55.811	17	19	426	482
47	-37.933 -21.613	10	21	176	240
48	42.883 -2.966	17	10	473	521
49	4.163	13.559	0	0	0	1000
50	21.387	17.105	0	0	0	1000
51	-36.118	49.097	0	0	0	1000
52	-31.201	0.235	0	0	0	1000
